    -0.148160      1.00000
    -0.142234      1.00000
    -0.136307      1.00000
    -0.130381      1.00000
    -0.124454      1.00000
    -0.118528      1.00000
    -0.112602      1.00000
    -0.106675      1.00000
    -0.100749      1.00000
   -0.0948224      1.00000
   -0.0888960      1.00000
   -0.0829696      1.00000
   -0.0770432      1.00000
   -0.0711168     0.999771
   -0.0651904     0.999361
   -0.0592640     0.998186
   -0.0533376     0.996777
   -0.0474112     0.995054
   -0.0414848     0.993333
   -0.0355584     0.991665
   -0.0296320     0.990121
   -0.0237056     0.988774
   -0.0177792     0.987711
   -0.0118528     0.986846
  -0.00592640     0.986432
     0.000000     0.986134
   0.00592640     0.986432
    0.0118528     0.986846
    0.0177792     0.987711
    0.0237056     0.988774
    0.0296320     0.990121
    0.0355584     0.991665
    0.0414848     0.993333
    0.0474112     0.995054
    0.0533376     0.996777
    0.0592640     0.998186
    0.0651904     0.999361
    0.0711168     0.999771
    0.0770432      1.00000
    0.0829696      1.00000
    0.0888960      1.00000
    0.0948224      1.00000
     0.100749      1.00000
     0.106675      1.00000
     0.112602      1.00000
     0.118528      1.00000
     0.124454      1.00000
     0.130381      1.00000
     0.136307      1.00000
     0.142234      1.00000
     0.148160      1.00000
