     -0.14816000     0.999889  0.000442903
     -0.14223360     0.999862  0.000473039
     -0.13630720     0.999841  0.000533697
     -0.13038080     0.999824  0.000617625
     -0.12445440     0.999833  0.000660991
     -0.11852800     0.999840  0.000618163
     -0.11260160     0.999826  0.000569466
     -0.10667520     0.999792  0.000717497
     -0.10074880     0.999769   0.00100420
    -0.094822400     0.999767   0.00125322
    -0.088896000     0.999731   0.00140653
    -0.082969600     0.999639   0.00150665
    -0.077043200     0.999467   0.00156611
    -0.071116800     0.999130   0.00154623
    -0.065190400     0.998582   0.00144757
    -0.059264000     0.997773   0.00132706
    -0.053337600     0.996647   0.00122362
    -0.047411200     0.995225   0.00113470
    -0.041484800     0.993585   0.00103426
    -0.035558400     0.991848  0.000944533
    -0.029632000     0.990158  0.000895723
    -0.023705600     0.988630  0.000917606
    -0.017779200     0.987399   0.00103412
    -0.011852800     0.986556   0.00128471
   -0.0059264000     0.986081   0.00160771
      0.00000000     0.985943   0.00189289
    0.0059264000     0.986110   0.00200540
     0.011852800     0.986581   0.00189706
     0.017779200     0.987394   0.00166772
     0.023705600     0.988563   0.00148069
     0.029632000     0.990041   0.00138427
     0.035558400     0.991744   0.00132658
     0.041484800     0.993549   0.00124131
     0.047411200     0.995328   0.00112075
     0.053337600     0.996915  0.000986086
     0.059264000     0.998157  0.000929385
     0.065190400     0.999002   0.00103545
     0.071116800     0.999480   0.00118075
     0.077043200     0.999695   0.00126028
     0.082969600     0.999755   0.00124588
     0.088896000     0.999735   0.00118850
     0.094822400     0.999668   0.00114297
      0.10074880     0.999593   0.00115074
      0.10667520     0.999566   0.00120246
      0.11260160     0.999610   0.00122849
      0.11852800     0.999708   0.00116918
      0.12445440     0.999852   0.00101923
      0.13038080      1.00002  0.000878032
      0.13630720      1.00016  0.000797911
      0.14223360      1.00022  0.000756401
      0.14816000      1.00022  0.000731315
